19,31 -4
26,31 -2
5,15 -2
11,24 -2
22,18 -4
2,22 11
7,13 18
23,13 14
9,6 17
5,7 2
3,16 31
21,30 10
17,25 22
9,31 15
9,23 11
3,1 30
9,17 13
27,29 6
2,21 14
28,19 27
25,19 3
5,4 20
7,0 5
8,25 12
25,20 18
15,26 5
16,12 13
18,24 1
1,10 26
2,4 7
23,16 3
12,9 21
8,6 7
20,0 3
0,21 4
19,6 3
10,6 18
1,16 12
23,30 13
16,8 20
15,19 12
21,16 6
3,18 27
15,8 10
16,27 14
3,7 21
13,9 20
1,25 25
5,26 1
22,17 12
7,31 4
10,17 11
12,13 26
19,30 2
14,20 29
12,11 14
8,1 18
16,15 27
10,7 3
25,12 12
2,31 26
23,19 23
24,22 22
5,17 31
6,0 22
26,14 24
2,18 10
26,30 15
9,21 30
28,30 19
14,22 5
20,5 20
21,23 4
30,27 6
31,5 20
30,15 11
18,11 4
31,20 7
3,9 27
17,27 1
28,5 2
22,27 6
25,6 7
6,15 5
13,26 28
12,22 18
27,18 21
7,18 4
29,1 13
10,9 23
28,6 11
6,14 19
3,8 8
1,21 11
2,11 2
8,28 4
13,4 1
17,6 16
16,9 5
5,9 13
22,3 6
18,23 23
22,31 2
18,0 19
7,30 30
18,4 4
28,12 1
19,26 2
1,2 14
28,13 9
18,13 15
1,5 23
14,15 14
15,28 6
30,11 4
30,3 16
1,31 17
14,10 27
14,17 13
29,30 19
17,2 5
13,6 26
3,28 9
25,14 27
24,19 8
25,26 25
2,8 21
8,13 0
1,20 17
20,22 0
21,29 6
31,6 13
26,8 29
25,29 8
12,27 5
23,2 11
24,1 27
13,22 17
17,24 6
29,8 6
6,5 15
15,23 22
10,24 31
0,4 15
10,18 4
14,29 21
9,1 13
15,2 3
13,1 19
7,11 24
16,29 23
31,11 12
25,23 13
30,12 15
26,23 23
14,21 20
5,10 12
26,11 27
4,6 0
6,23 2
