49,43 -5
41,73 -2
9,26 -2
15,118 -4
94,6 -1
33,85 -5
113,42 -5
121,22 96
87,73 5
70,41 77
122,38 54
76,71 61
23,9 78
98,106 0
63,65 127
114,80 73
86,28 30
23,113 36
21,53 51
14,23 48
97,6 47
28,107 2
28,60 104
118,77 1
22,106 5
38,36 54
50,104 19
9,86 79
102,79 1
79,80 29
62,127 35
127,4 22
89,26 48
112,102 84
106,7 68
81,110 20
56,112 95
34,25 56
31,68 99
56,104 70
13,53 26
61,96 102
6,59 46
46,8 103
33,15 47
91,110 59
8,49 17
106,34 119
124,98 43
85,57 84
78,43 57
103,76 49
103,85 90
67,118 14
65,110 19
93,90 18
108,74 75
127,26 6
10,0 77
70,97 88
83,105 73
34,90 26
18,36 83
89,55 0
38,21 98
5,43 101
2,97 82
17,112 70
45,115 99
64,66 69
67,123 55
38,97 39
114,106 88
45,19 87
126,119 48
17,32 97
61,29 15
100,84 120
27,26 41
11,1 113
64,123 69
69,105 79
14,26 19
74,13 55
88,59 28
99,42 16
82,63 69
95,84 1
5,10 24
32,96 24
80,5 67
30,107 66
98,29 23
100,82 84
65,66 10
16,56 5
70,105 54
87,4 113
30,10 89
127,96 24
75,35 83
99,59 92
33,51 42
115,71 7
73,63 9
50,124 67
65,81 60
54,20 33
90,116 54
43,12 18
80,41 113
87,53 120
120,113 119
2,1 86
11,46 68
89,57 42
3,110 93
83,125 24
111,6 41
56,115 106
115,10 115
39,66 14
69,86 108
14,25 22
50,9 37
53,38 54
23,5 25
52,32 73
105,112 33
120,62 76
46,54 126
67,61 97
1,4 83
40,93 78
18,78 39
19,100 124
35,74 104
63,26 120
12,115 99
62,76 117
56,8 77
116,74 72
38,10 61
28,105 107
105,65 47
66,1 123
40,56 3
72,111 57
31,60 124
97,20 12
28,97 66
24,84 126
3,125 96
74,25 59
74,43 70
40,78 21
125,73 72
55,100 3
60,122 30
56,37 98
31,10 33
58,116 21
40,16 113
61,97 19
77,126 56
9,3 48
81,98 29
9,125 21
63,60 86
14,93 53
66,12 88
60,52 37
25,20 122
14,21 31
22,91 121
80,26 0
34,43 115
35,95 74
56,19 108
125,4 34
102,101 75
38,47 82
79,57 94
59,8 72
44,104 82
47,59 22
70,18 60
69,122 112
125,25 19
24,121 49
68,35 52
20,112 87
34,28 93
122,28 2
51,49 50
95,62 121
38,87 59
45,26 37
61,66 99
33,121 19
79,110 122
75,40 118
73,26 52
18,119 35
40,71 41
45,59 20
1,61 83
43,76 102
122,7 19
107,7 91
78,114 44
37,77 88
77,18 70
96,3 104
89,61 108
121,16 55
106,14 15
35,98 23
11,100 1
97,106 127
91,96 122
13,27 7
13,106 23
85,110 109
57,97 20
72,21 27
14,115 0
27,88 46
126,42 91
101,107 58
5,14 114
60,9 80
117,43 56
77,48 98
116,19 67
85,35 72
121,89 74
40,105 63
82,23 45
46,76 101
33,105 109
97,91 62
90,112 47
81,104 50
71,80 62
32,11 12
4,50 6
6,30 125
3,66 26
77,62 23
86,80 82
48,54 30
19,122 11
99,6 101
11,38 0
101,95 39
90,3 85
74,2 40
45,3 18
123,51 82
74,93 34
54,60 50
6,13 86
13,103 123
77,79 96
99,8 3
31,40 89
114,113 65
13,93 59
71,123 85
63,122 103
67,3 0
113,77 32
114,104 14
91,21 85
36,34 61
92,108 55
126,22 27
81,91 29
13,34 126
63,83 127
110,106 27
127,74 117
86,83 16
62,54 62
11,8 91
104,121 96
18,106 112
93,87 103
38,54 9
108,25 28
53,2 83
45,121 13
17,93 64
75,120 47
95,85 100
5,86 90
23,1 122
46,27 72
9,120 95
46,17 27
83,87 21
126,71 84
108,63 65
48,16 92
28,84 46
100,2 126
1,63 72
84,119 107
12,45 34
73,15 53
1,78 113
36,44 85
123,87 14
86,117 38
102,0 120
104,84 103
3,6 79
116,120 60
104,42 90
41,83 45
125,49 2
76,29 38
0,98 85
49,79 117
2,11 5
104,124 102
9,45 76
106,10 115
13,33 103
121,17 127
79,100 42
8,75 88
72,108 124
10,97 27
10,12 71
98,42 81
115,43 59
6,66 108
51,56 39
3,5 62
81,33 3
118,24 0
37,93 104
19,96 77
91,98 18
34,8 36
118,47 101
124,0 105
75,68 101
19,121 100
2,37 60
104,106 65
25,91 56
19,14 15
96,114 75
62,99 65
126,124 9
42,45 48
40,113 22
115,61 20
33,122 21
57,41 64
16,87 46
49,114 87
2,91 74
37,60 34
29,28 53
50,49 14
22,117 30
72,124 46
57,4 24
46,78 55
101,44 28
123,92 2
13,20 4
30,94 14
56,38 18
86,17 124
2,17 103
59,55 17
25,72 12
52,18 55
65,0 109
126,109 124
81,54 89
43,19 18
51,39 3
103,86 4
23,8 40
1,9 87
27,5 64
39,76 91
15,40 88
20,109 85
39,81 83
23,126 107
109,102 61
21,87 42
62,79 67
74,120 54
108,12 67
23,83 11
113,106 41
126,83 94
68,17 77
45,114 107
44,45 49
35,44 20
56,2 94
61,63 38
18,120 115
87,96 42
49,23 33
108,71 84
100,108 90
37,115 23
81,7 50
66,40 73
113,125 100
22,107 40
17,102 78
9,7 83
83,95 112
21,12 76
43,9 113
73,75 124
98,9 25
73,91 47
23,6 88
76,22 20
57,46 62
14,49 1
47,68 123
56,87 39
9,32 41
125,28 1
93,1 44
4,78 86
65,39 76
125,96 48
30,88 112
43,8 120
48,91 39
100,64 0
9,126 35
20,73 123
14,18 56
58,35 0
120,106 97
105,21 11
84,96 60
72,43 123
3,80 9
19,51 21
59,27 47
24,64 127
4,37 55
59,39 70
61,86 79
115,5 89
20,29 72
74,55 12
17,105 24
96,95 21
12,46 88
105,102 18
50,102 71
4,14 70
1,122 71
88,37 90
91,42 43
86,48 46
59,121 88
124,56 14
57,35 94
27,74 109
0,39 48
88,118 95
78,71 39
44,81 32
99,115 11
101,56 85
14,100 46
88,5 14
4,94 115
84,57 21
106,61 110
47,64 38
118,92 79
93,69 82
116,89 41
34,121 79
68,24 117
22,17 119
87,62 14
40,70 71
123,48 9
124,123 10
85,28 23
60,1 45
8,51 72
22,46 86
107,111 108
26,78 56
104,14 55
47,51 39
0,19 64
12,48 31
64,31 59
94,46 95
43,92 63
6,29 25
3,72 15
13,37 87
111,66 94
87,28 117
19,38 94
28,5 24
63,99 40
68,121 70
78,109 87
2,95 27
107,63 40
29,97 23
25,83 125
113,110 29
45,43 91
108,56 116
79,75 109
18,55 73
124,61 127
122,36 43
7,11 4
78,127 14
19,73 17
79,9 73
78,75 24
106,100 77
52,13 27
35,120 91
123,96 84
58,100 48
51,21 45
121,78 21
126,68 112
124,93 120
20,70 77
54,64 106
64,58 88
106,37 33
97,4 8
50,66 119
106,73 57
123,80 105
98,116 43
101,53 1
106,51 77
33,125 66
48,100 9
102,66 27
96,2 81
49,120 54
4,56 27
59,40 67
85,90 96
21,25 62
96,66 63
104,86 7
7,76 120
109,44 97
126,89 114
118,46 116
100,52 75
86,18 114
47,88 86
69,18 120
98,120 105
33,64 60
27,55 59
67,16 89
15,124 104
89,123 12
4,113 112
85,5 54
123,75 48
94,24 126
48,37 116
47,72 61
38,49 31
17,122 48
2,127 70
67,112 47
61,37 34
24,49 118
36,57 18
120,7 37
89,90 23
93,0 63
79,39 86
86,113 43
82,70 25
7,110 54
125,95 78
38,83 16
66,30 6
0,63 75
102,53 120
114,20 95
2,87 124
3,62 16
3,87 102
42,38 86
67,94 60
13,80 20
97,1 49
20,0 51
31,118 51
125,127 64
85,56 15
110,6 122
13,32 18
105,97 11
82,104 37
89,17 62
53,73 70
101,33 115
23,33 54
73,94 109
83,92 84
103,113 51
113,69 10
123,56 122
44,99 22
27,15 125
55,2 84
103,25 116
109,23 95
16,61 121
122,27 117
95,37 13
95,9 118
46,64 19
114,99 105
108,65 83
91,46 118
29,30 120
24,114 109
88,17 18
72,26 21
37,26 127
44,123 89
20,37 106
86,59 24
18,114 91
47,36 115
67,32 86
50,69 109
25,79 127
109,112 110
3,61 65
50,68 40
45,5 22
52,104 1
22,41 82
120,71 122
108,75 91
62,16 58
23,93 101
1,37 23
21,43 59
100,80 94
21,41 101
79,85 123
89,14 78
56,83 70
7,21 15
31,55 2
74,109 13
11,62 23
2,90 111
17,45 2
61,52 82
91,89 119
24,52 61
17,40 70
36,45 120
105,6 70
93,81 96
64,93 38
70,24 56
73,74 86
1,40 112
38,31 113
75,2 106
5,34 78
79,31 97
45,125 110
16,122 56
122,31 52
98,22 117
90,59 104
111,117 65
81,71 53
52,34 106
117,126 44
1,41 97
115,94 63
124,25 60
8,42 70
30,8 53
8,105 126
53,15 41
91,101 5
96,74 26
123,45 95
23,90 45
120,19 116
32,99 45
116,47 15
27,14 6
39,91 97
119,8 74
91,52 124
122,0 48
113,31 88
61,45 16
91,66 82
45,70 105
32,7 40
12,8 91
92,29 126
110,52 45
61,118 92
61,15 72
6,73 45
53,96 58
15,18 66
104,117 52
68,13 77
59,30 12
34,63 103
103,48 60
61,109 10
121,3 97
60,35 23
83,117 61
41,101 53
105,35 96
72,86 80
67,88 70
111,99 15
21,48 94
107,40 115
127,50 17
89,73 49
92,81 120
110,43 103
89,7 82
112,121 19
117,80 127
7,44 6
60,89 65
55,33 16
120,21 55
3,55 107
6,14 9
17,70 45
7,124 125
88,125 120
93,80 4
46,59 40
11,16 122
123,74 91
50,88 97
56,57 21
72,73 95
119,91 62
22,7 60
88,70 34
56,60 104
21,84 111
31,18 115
119,37 59
18,60 18
95,27 123
41,110 33
62,93 13
81,96 27
29,85 47
75,80 36
22,50 5
88,102 23
95,44 25
40,41 81
31,39 125
126,57 93
92,7 93
96,51 15
44,100 122
0,106 13
106,54 117
22,90 79
127,117 7
19,77 42
116,6 41
33,60 13
84,79 102
38,126 4
121,56 106
23,46 0
23,45 8
1,43 83
50,32 53
34,4 10
75,88 68
22,83 70
39,25 124
14,9 74
110,74 66
95,38 27
18,28 94
52,48 99
20,6 124
7,47 112
12,67 43
44,48 51
36,81 94
70,67 67
29,116 110
80,124 88
72,49 22
21,117 80
14,83 117
56,75 45
106,105 15
46,29 21
63,16 80
49,0 120
8,77 78
119,114 66
124,1 31
7,58 61
94,92 121
64,59 98
72,19 53
21,28 12
40,94 82
13,71 122
62,123 112
68,107 80
31,41 87
104,123 23
53,46 110
61,44 56
61,81 68
26,123 5
71,96 10
105,37 48
57,44 23
113,89 102
14,77 12
100,53 75
95,89 84
62,15 70
116,12 33
87,74 124
121,75 125
100,123 18
52,30 53
10,82 120
24,113 93
28,8 127
28,27 33
28,41 101
7,3 63
81,94 41
91,38 24
23,21 47
108,5 51
92,2 64
100,36 58
35,27 5
63,12 121
79,74 98
57,109 12
85,15 40
118,12 47
86,75 71
84,62 41
22,0 83
114,33 124
71,84 78
80,85 31
28,124 104
125,94 18
