5,33 -5
12,27 -6
22,32 -6
56,9 -2
28,37 -6
25,62 -4
7,31 27
17,18 56
11,46 62
6,18 41
34,43 59
36,60 38
8,30 44
25,5 5
62,6 1
23,22 46
9,21 60
21,11 31
48,49 53
15,51 41
1,52 23
1,18 49
12,44 33
48,34 47
38,28 38
33,14 50
39,58 13
32,54 26
44,47 17
58,46 29
23,26 2
3,63 3
10,13 3
17,36 42
48,14 10
63,13 3
52,24 36
44,32 18
7,23 46
57,51 50
30,47 28
14,20 15
50,54 54
22,1 42
63,54 22
62,48 25
5,44 43
58,8 4
10,11 57
0,38 40
22,57 23
10,25 24
53,17 48
25,38 56
57,32 2
45,5 0
53,40 34
14,34 63
3,32 54
6,30 21
63,49 57
36,11 55
10,59 59
58,51 47
8,14 31
32,17 26
34,50 27
48,22 41
5,31 59
8,38 32
32,5 30
11,25 25
42,6 55
31,59 2
26,55 14
48,11 27
46,34 60
44,0 57
37,7 51
5,63 6
4,22 52
51,38 63
20,55 22
47,5 52
34,3 6
57,31 12
63,8 1
19,46 62
62,9 28
3,28 25
56,59 60
11,9 31
22,13 31
22,16 17
27,44 8
63,36 56
56,36 23
45,10 9
9,36 59
14,60 15
45,18 58
19,40 43
5,4 46
47,49 15
57,7 2
28,44 2
52,27 57
22,36 32
35,52 39
29,23 23
58,59 54
47,11 34
44,42 50
61,53 61
9,10 24
34,61 45
29,37 29
34,27 41
63,62 18
2,59 63
6,11 32
13,60 17
15,53 1
18,52 19
59,27 4
36,43 15
46,15 13
25,28 33
17,23 19
11,56 59
17,45 33
26,34 34
30,0 21
40,51 47
45,49 36
28,56 15
54,22 20
32,47 4
55,59 1
35,14 34
47,28 25
24,60 18
35,44 31
52,22 19
29,17 43
52,43 52
40,38 40
21,0 27
21,56 21
26,13 1
57,9 6
45,16 32
46,51 18
13,54 32
23,1 20
57,26 20
22,46 2
23,15 32
2,57 56
15,25 59
55,16 40
13,52 47
3,13 29
36,6 54
42,54 3
54,8 60
17,39 30
44,13 42
26,22 55
30,2 28
9,54 16
3,5 16
39,46 1
20,38 23
0,23 53
16,40 22
38,63 43
59,4 5
45,40 54
26,39 51
45,9 61
56,47 1
3,12 60
36,50 34
16,15 1
49,55 34
57,36 48
53,58 28
37,16 63
11,45 1
2,15 59
17,50 24
0,14 1
42,34 57
20,48 5
61,9 17
54,10 15
52,39 33
36,39 57
29,5 50
14,13 19
39,22 63
26,25 27
10,0 52
18,29 63
20,53 30
16,59 30
4,0 55
25,29 36
51,52 1
6,56 56
43,48 28
51,56 21
59,8 62
0,56 11
53,4 47
19,13 61
49,33 13
20,60 33
8,15 8
48,0 3
26,49 39
22,5 2
9,32 1
61,47 17
59,41 5
28,20 56
28,10 51
48,61 17
58,41 11
39,29 54
62,10 42
58,18 50
5,6 4
14,42 36
34,39 51
19,44 45
55,2 22
63,39 14
7,54 37
27,3 38
10,23 50
35,23 41
39,12 6
54,45 10
29,30 31
47,54 60
23,5 8
44,22 2
6,49 32
16,36 54
31,3 26
2,46 6
27,18 62
45,50 50
62,38 15
48,2 0
40,50 7
35,49 22
26,2 50
41,51 15
31,40 10
56,62 21
47,19 26
19,8 34
1,62 3
3,53 3
12,0 26
61,13 62
3,35 27
44,43 54
57,46 16
52,32 13
3,30 21
62,52 59
62,34 29
14,18 27
1,45 25
58,44 32
18,24 20
50,6 32
38,32 30
51,39 55
43,57 11
62,16 19
19,12 4
24,50 55
8,51 60
45,2 38
28,45 11
24,58 4
36,46 36
24,19 27
53,57 26
54,59 56
39,3 21
58,16 61
24,55 14
58,9 17
26,52 45
56,63 51
54,19 42
43,13 32
48,40 52
26,59 40
43,39 47
35,46 32
9,18 55
42,60 5
38,19 2
26,37 26
17,28 6
15,24 35
26,21 42
17,7 9
0,26 0
50,62 11
6,35 1
5,1 60
51,28 58
17,37 12
43,54 28
47,18 45
59,49 21
56,7 18
11,63 9
23,9 37
33,20 6
23,33 35
42,50 41
29,13 37
27,62 35
13,27 23
44,11 61
20,9 61
26,38 17
32,13 41
39,11 15
36,15 7
21,46 57
21,42 18
47,46 27
49,32 9
25,4 14
29,56 20
15,31 26
58,35 8
58,62 14
17,63 9
51,34 9
40,35 48
49,19 19
48,26 15
56,52 60
34,4 13
44,45 0
13,25 50
61,50 59
8,37 14
33,38 32
15,30 55
9,6 48
4,37 26
40,15 12
34,28 42
46,12 57
29,19 19
9,14 36
41,43 55
58,30 50
61,52 45
0,22 50
43,62 46
33,2 10
20,19 3
61,30 11
21,4 33
48,28 54
12,55 15
42,39 42
28,2 36
32,35 26
44,50 15
10,37 14
